ID	Name	_CATEGORY	UiID	Genre	SubType	DetailType	Quality	Price	BindType	MaxExistTime	MaxExistAmount	MaxDurability	CanStack	CanConsume	CanTrade	CanDestroy	ScriptName	SkillID	SkillLevel	_LEVEL	CoolDownID	RequireLevel	RequireProfessionID	RequireProfessionBranch	RequireProfessionLevel	RequireGender	CanUseOnHorse	CanUseInFight	CanGoodCampUse	CanEvilCampUse	CanNeutralCampUse	AucGenre	AucSubType	RequireForce	RequireCamp	TargetType	ExistType	MapBanUseItemMask	IgnoreBindMask	BelongForceMask	CanShared	MapBanTradeItemMask	MapCanExistItemMask	FurnitureID
0	道具家具测试	默认分类		20	0	0	0	0	1	0	0	1	1	0	1	1		0	0	0	0	0	0	0	0	0	0	0	1	1	1	21	1	0	7	0	0	7	0	65013759	0	6	0	1
1	道具家具测试	默认分类	163777	20	1	1	1	5	1	1800	0	5	1	1	1	1		0	0	0	657	0	0	0	0	0	0	0	1	1	1	21	1	0	1	0	3	7	4	65013759	0	6	0	101
2	永相携	默认分类	164926	20	1	1	4	5	1		0	5	1	1	1	1		0	0	0	657	0	0	0	0	0	0	0	1	1		21	3	0		0		7	4	65013759	0	6	0	102
3	道具家具测试	默认分类	163779	20	1	1	3	5	1	0	0	5	1	1	1	1		0	0	0		0	0	0	0	0	0	0	1	1	1	21	3	0	7	0	0	7	0	65013759	0	6	0	103
4	道具家具测试	默认分类	163780	20	1	1	4	5	1	0	0	5	1	1	1	1		0	0	0		0	0	0	0	0	0	0	1	1	1	21	3	0	7	0	0	7	0	65013759	0	6	0	104
5	道具家具测试	默认分类	163781	20	1	1	5	5	1	0	0	5	1	1	1	1		0	0	0		0	0	0	0	0	0	0	1	1	1	21	3	0	7	0	0	7	0	65013759	0	6	0	105
6	铃兰	家园种植	164668	20	1	1	3	5	3	0	0	5	1	1	0	1		0	0	0		0	0	0	0	0	0	0	1	1	1	21	3	0	7	0	0	7	0	65013759	0	6	0	789
7	柳叶水甘草	家园种植	164669	20	1	1	3	5	3	0	0	5	1	1	0	1		0	0	0		0	0	0	0	0	0	0	1	1	1	21	3	0	7	0	0	7	0	65013759	0	6	0	784
8	紫色石竹花	家园种植	164670	20	1	1	3	5	3	0	0	5	1	1	0	1		0	0	0		0	0	0	0	0	0	0	1	1	1	21	3	0	7	0	0	7	0	65013759	0	6	0	786
9	六瓣葱莲	家园种植	164925	20	1	1	3	5	3	0	0	5	1	1	0	1		0	0	0		0	0	0	0	0	0	0	1	1	1	21	3	0	7	0	0	7	0	65013759	0	6	0	787
10	麦仙翁	家园种植	164671	20	1	1	3	5	3	0	0	5	1	1	0	1		0	0	0		0	0	0	0	0	0	0	1	1	1	21	3	0	7	0	0	7	0	65013759	0	6	0	788
11	橙色葵百合	家园种植	164672	20	1	1	3	5	3	0	0	5	1	1	0	1		0	0	0		0	0	0	0	0	0	0	1	1	1	21	3	0	7	0	0	7	0	65013759	0	6	0	859
12	无名芳蕨	家园种植	164673	20	1	1	3	5	3	0	0	5	1	1	0	1		0	0	0		0	0	0	0	0	0	0	1	1	1	21	3	0	7	0	0	7	0	65013759	0	6	0	860
13	蓝紫混色似秋英	家园种植	164674	20	1	1	3	5	3	0	0	5	1	1	0	1		0	0	0		0	0	0	0	0	0	0	1	1	1	21	3	0	7	0	0	7	0	65013759	0	6	0	892
14	射干	家园种植	164675	20	1	1	3	5	3	0	0	5	1	1	0	1		0	0	0		0	0	0	0	0	0	0	1	1	1	21	3	0	7	0	0	7	0	65013759	0	6	0	1322
15	紫花地丁	家园种植	164676	20	1	1	3	5	3	0	0	5	1	1	0	1		0	0	0		0	0	0	0	0	0	0	1	1	1	21	3	0	7	0	0	7	0	65013759	0	6	0	1324
16	粉色野花	家园种植	164677	20	1	1	3	5	3	0	0	5	1	1	0	1		0	0	0		0	0	0	0	0	0	0	1	1	1	21	3	0	7	0	0	7	0	65013759	0	6	0	1325
17	蓝瓣八仙花	家园种植	164678	20	1	1	3	5	3	0	0	5	1	1	0	1		0	0	0		0	0	0	0	0	0	0	1	1	1	21	3	0	7	0	0	7	0	65013759	0	6	0	861
18	绯色八仙花	家园种植	164679	20	1	1	3	5	3	0	0	5	1	1	0	1		0	0	0		0	0	0	0	0	0	0	1	1	1	21	3	0	7	0	0	7	0	65013759	0	6	0	862
19	红荣八仙花	家园种植	164680	20	1	1	2	5	3	0	0	5	1	1	0	1		0	0	0		0	0	0	0	0	0	0	1	1	1	21	3	0	7	0	0	7	0	65013759	0	6	0	863
20	紫瓣八仙花	家园种植	164681	20	1	1	2	5	3	0	0	5	1	1	0	1		0	0	0		0	0	0	0	0	0	0	1	1	1	21	3	0	7	0	0	7	0	65013759	0	6	0	864
21	纯白八仙花	家园种植	164682	20	1	1	2	5	3	0	0	5	1	1	0	1		0	0	0		0	0	0	0	0	0	0	1	1	1	21	3	0	7	0	0	7	0	65013759	0	6	0	865
22	黄蕊八仙花	家园种植	164683	20	1	1	3	5	3	0	0	5	1	1	0	1		0	0	0		0	0	0	0	0	0	0	1	1	1	21	3	0	7	0	0	7	0	65013759	0	6	0	866
23	碧华百合	家园种植	164684	20	1	1	3	5	3	0	0	5	1	1	0	1		0	0	0		0	0	0	0	0	0	0	1	1	1	21	3	0	7	0	0	7	0	65013759	0	6	0	867
24	灿晖百合	家园种植	164685	20	1	1	3	5	3	0	0	5	1	1	0	1		0	0	0		0	0	0	0	0	0	0	1	1	1	21	3	0	7	0	0	7	0	65013759	0	6	0	868
25	绯色百合	家园种植	164686	20	1	1	2	5	3	0	0	5	1	1	0	1		0	0	0		0	0	0	0	0	0	0	1	1	1	21	3	0	7	0	0	7	0	65013759	0	6	0	869
26	白花百合	家园种植	164687	20	1	1	2	5	3	0	0	5	1	1	0	1		0	0	0		0	0	0	0	0	0	0	1	1	1	21	3	0	7	0	0	7	0	65013759	0	6	0	870
27	黄蕊百合	家园种植	164688	20	1	1	2	5	3	0	0	5	1	1	0	1		0	0	0		0	0	0	0	0	0	0	1	1	1	21	3	0	7	0	0	7	0	65013759	0	6	0	871
28	蓝锦牵牛	家园种植	164689	20	1	1	3	5	3	0	0	5	1	1	0	1		0	0	0		0	0	0	0	0	0	0	1	1	1	21	3	0	7	0	0	7	0	65013759	0	6	0	872
29	绯锦牵牛	家园种植	164690	20	1	1	2	5	3	0	0	5	1	1	0	1		0	0	0		0	0	0	0	0	0	0	1	1	1	21	3	0	7	0	0	7	0	65013759	0	6	0	873
30	红锦牵牛	家园种植	164691	20	1	1	2	5	3	0	0	5	1	1	0	1		0	0	0		0	0	0	0	0	0	0	1	1	1	21	3	0	7	0	0	7	0	65013759	0	6	0	874
31	紫锦牵牛	家园种植	164692	20	1	1	2	5	3	0	0	5	1	1	0	1		0	0	0		0	0	0	0	0	0	0	1	1	1	21	3	0	7	0	0	7	0	65013759	0	6	0	875
32	黄锦牵牛	家园种植	164693	20	1	1	3	5	3	0	0	5	1	1	0	1		0	0	0		0	0	0	0	0	0	0	1	1	1	21	3	0	7	0	0	7	0	65013759	0	6	0	876
33	夜雨玫瑰	家园种植	164694	20	1	1	3	5	3	0	0	5	1	1	0	1		0	0	0		0	0	0	0	0	0	0	1	1	1	21	3	0	7	0	0	7	0	65013759	0	6	0	877
34	湖风玫瑰	家园种植	164695	20	1	1	2	5	3	0	0	5	1	1	0	1		0	0	0		0	0	0	0	0	0	0	1	1	1	21	3	0	7	0	0	7	0	65013759	0	6	0	878
35	涵春玫瑰	家园种植	164696	20	1	1	4	5	3	0	0	5	1	1	0	1		0	0	0		0	0	0	0	0	0	0	1	1	1	21	3	0	7	0	0	7	0	65013759	0	6	0	879
36	灿晖玫瑰	家园种植	164697	20	1	1	2	5	3	0	0	5	1	1	0	1		0	0	0		0	0	0	0	0	0	0	1	1	1	21	3	0	7	0	0	7	0	65013759	0	6	0	880
37	粉团玫瑰	家园种植	164698	20	1	1	2	5	3	0	0	5	1	1	0	1		0	0	0		0	0	0	0	0	0	0	1	1	1	21	3	0	7	0	0	7	0	65013759	0	6	0	881
38	朱楼玫瑰	家园种植	164699	20	1	1	2	5	3	0	0	5	1	1	0	1		0	0	0		0	0	0	0	0	0	0	1	1	1	21	3	0	7	0	0	7	0	65013759	0	6	0	882
39	禁彩玫瑰	家园种植	164700	20	1	1	3	5	3	0	0	5	1	1	0	1		0	0	0		0	0	0	0	0	0	0	1	1	1	21	3	0	7	0	0	7	0	65013759	0	6	0	883
40	素信玫瑰	家园种植	164701	20	1	1	3	5	3	0	0	5	1	1	0	1		0	0	0		0	0	0	0	0	0	0	1	1	1	21	3	0	7	0	0	7	0	65013759	0	6	0	884
41	虹霞玫瑰	家园种植	164702	20	1	1	4	5	3	0	0	5	1	1	0	1		0	0	0		0	0	0	0	0	0	0	1	1	1	21	3	0	7	0	0	7	0	65013759	0	6	0	885
42	曦晖玫瑰	家园种植	164703	20	1	1	2	5	3	0	0	5	1	1	0	1		0	0	0		0	0	0	0	0	0	0	1	1	1	21	3	0	7	0	0	7	0	65013759	0	6	0	886
43	彩色郁金香	家园种植	164704	20	1	1	3	5	3	0	0	5	1	1	0	1		0	0	0		0	0	0	0	0	0	0	1	1	1	21	3	0	7	0	0	7	0	65013759	0	6	0	887
44	绯色郁金香	家园种植	164705	20	1	1	2	5	3	0	0	5	1	1	0	1		0	0	0		0	0	0	0	0	0	0	1	1	1	21	3	0	7	0	0	7	0	65013759	0	6	0	888
45	红郁金香	家园种植	164706	20	1	1	2	5	3	0	0	5	1	1	0	1		0	0	0		0	0	0	0	0	0	0	1	1	1	21	3	0	7	0	0	7	0	65013759	0	6	0	889
46	白郁金香	家园种植	164707	20	1	1	3	5	3	0	0	5	1	1	0	1		0	0	0		0	0	0	0	0	0	0	1	1	1	21	3	0	7	0	0	7	0	65013759	0	6	0	890
47	黄郁金香	家园种植	164708	20	1	1	2	5	3	0	0	5	1	1	0	1		0	0	0		0	0	0	0	0	0	0	1	1	1	21	3	0	7	0	0	7	0	65013759	0	6	0	891
48	荧蓝菌	家园种植	164709	20	1	1	3	5	3	0	0	5	1	1	0	1		0	0	0		0	0	0	0	0	0	0	1	1	1	21	3	0	7	0	0	7	0	65013759	0	6	0	894
49	荧红菌	家园种植	164710	20	1	1	2	5	3	0	0	5	1	1	0	1		0	0	0		0	0	0	0	0	0	0	1	1	1	21	3	0	7	0	0	7	0	65013759	0	6	0	895
50	荧紫菌	家园种植	164711	20	1	1	3	5	3	0	0	5	1	1	0	1		0	0	0		0	0	0	0	0	0	0	1	1	1	21	3	0	7	0	0	7	0	65013759	0	6	0	896
51	荧白菌	家园种植	164712	20	1	1	2	5	3	0	0	5	1	1	0	1		0	0	0		0	0	0	0	0	0	0	1	1	1	21	3	0	7	0	0	7	0	65013759	0	6	0	897
52	荧黄菌	家园种植	164713	20	1	1	2	5	3	0	0	5	1	1	0	1		0	0	0		0	0	0	0	0	0	0	1	1	1	21	3	0	7	0	0	7	0	65013759	0	6	0	898
53	蔓墙藤	宠物出行	164714	20	1	1	3	5	3	0	0	5	1	1	0	1		0	0	0		0	0	0	0	0	0	0	1	1	1	21	2	0	7	0	0	7	0	65013759	0	6	0	604
54	苗疆菇群	宠物出行	164715	20	1	1	3	5	3	0	0	5	1	1	0	1		0	0	0		0	0	0	0	0	0	0	1	1	1	21	3	0	7	0	0	7	0	65013759	0	6	0	605
55	歌朵兰漠仙人掌	宠物出行	164716	20	1	1	3	5	3	0	0	5	1	1	0	1		0	0	0		0	0	0	0	0	0	0	1	1	1	21	3	0	7	0	0	7	0	65013759	0	6	0	606
56	毛竹春笋	宠物出行	164717	20	1	1	3	5	3	0	0	5	1	1	0	1		0	0	0		0	0	0	0	0	0	0	1	1	1	21	3	0	7	0	0	7	0	65013759	0	6	0	607
57	琉球社灯檠	宠物出行	164718	20	1	1	2	5	3	0	0	5	1	1	0	1		0	0	0		0	0	0	0	0	0	0	1	1	1	21	3	0	7	0	0	7	0	65013759	0	6	0	625
58	黍离悲	宠物出行	164719	20	1	1	2	5	3	0	0	5	1	1	0	1		0	0	0		0	0	0	0	0	0	0	1	1	1	21	3	0	7	0	0	7	0	65013759	0	6	0	631
59	巨型毒伞菌	宠物出行	164720	20	1	1	2	5	3	0	0	5	1	1	0	1		0	0	0		0	0	0	0	0	0	0	1	1	1	21	3	0	7	0	0	7	0	65013759	0	6	0	584
60	日晷	宠物出行	164721	20	1	1	3	5	3	0	0	5	1	1	0	1		0	0	0		0	0	0	0	0	0	0	1	1	1	21	3	0	7	0	0	7	0	65013759	0	6	0	590
61	山城玉象饰件	宠物出行	164722	20	1	1	3	5	3	0	0	5	1	1	0	1		0	0	0		0	0	0	0	0	0	0	1	1	1	21	3	0	7	0	0	7	0	65013759	0	6	0	591
62	兽面纹黄铜鼎	宠物出行	164723	20	1	1	2	5	3	0	0	5	1	1	0	1		0	0	0		0	0	0	0	0	0	0	1	1	1	21	3	0	7	0	0	7	0	65013759	0	6	0	592
63	乌路蛇石像	宠物出行	164724	20	1	1	3	5	3	0	0	5	1	1	0	1		0	0	0		0	0	0	0	0	0	0	1	1	1	21	3	0	7	0	0	7	0	65013759	0	6	0	620
64	柳氏石柱	宠物出行	164725	20	1	1	2	5	3	0	0	5	1	1	0	1		0	0	0		0	0	0	0	0	0	0	1	1	1	21	3	0	7	0	0	7	0	65013759	0	6	0	638
65	堕凡尘	宠物出行	164726	20	1	1	3	5	3	0	0	5	1	1	0	1		0	0	0		0	0	0	0	0	0	0	1	1	1	21	3	0	7	0	0	7	0	65013759	0	6	0	649
66	西湖石剑	宠物出行	164727	20	1	1	2	5	3	0	0	5	1	1	0	1		0	0	0		0	0	0	0	0	0	0	1	1	1	21	3	0	7	0	0	7	0	65013759	0	6	0	657
67	黄杨根灯檠	宠物出行	164728	20	1	1	2	5	3	0	0	5	1	1	0	1		0	0	0		0	0	0	0	0	0	0	1	1	1	21	2	0	7	0	0	7	0	65013759	0	6	0	623
68	北邙忆灯笼	宠物出行	164729	20	1	1	2	5	3	0	0	5	1	1	0	1		0	0	0		0	0	0	0	0	0	0	1	1	1	21	2	0	7	0	0	7	0	65013759	0	6	0	613
69	缬宝相花灯笼	宠物出行	164730	20	1	1	2	5	3	0	0	5	1	1	0	1		0	0	0		0	0	0	0	0	0	0	1	1	1	21	2	0	7	0	0	7	0	65013759	0	6	0	614
70	榧木壁灯	宠物出行	164731	20	1	1	2	5	3	0	0	5	1	1	0	1		0	0	0		0	0	0	0	0	0	0	1	1	1	21	2	0	7	0	0	7	0	65013759	0	6	0	617
71	银平脱灯笼	宠物出行	164732	20	1	1	2	5	3	0	0	5	1	1	0	1		0	0	0		0	0	0	0	0	0	0	1	1	1	21	2	0	7	0	0	7	0	65013759	0	6	0	656
72	了无挂碍图	宠物出行	164733	20	1	1	2	5	3	0	0	5	1	1	0	1		0	0	0		0	0	0	0	0	0	0	1	1	1	21	2	0	7	0	0	7	0	65013759	0	6	0	237
73	苗石山羊头	宠物出行	164734	20	1	1	3	5	3	0	0	5	1	1	0	1		0	0	0		0	0	0	0	0	0	0	1	1	1	21	2	0	7	0	0	7	0	65013759	0	6	0	663
74	苗石鹿头	宠物出行	164735	20	1	1	3	5	3	0	0	5	1	1	0	1		0	0	0		0	0	0	0	0	0	0	1	1	1	21	2	0	7	0	0	7	0	65013759	0	6	0	665
75	孔方摆件	宠物出行	164736	20	1	1	2	5	3	0	0	5	1	1	0	1		0	0	0		0	0	0	0	0	0	0	1	1	1	21	3	0	7	0	0	7	0	65013759	0	6	0	585
76	鸟巢	宠物出行	164737	20	1	1	1	5	3	0	0	5	1	1	0	1		0	0	0		0	0	0	0	0	0	0	1	1	1	21	2	0	7	0	0	7	0	65013759	0	6	0	586
77	兽牙坠饰	宠物出行	164738	20	1	1	3	5	3	0	0	5	1	1	0	1		0	0	0		0	0	0	0	0	0	0	1	1	1	21	2	0	7	0	0	7	0	65013759	0	6	0	670
78	七层浮屠	宠物出行	164739	20	1	1	3	5	3	0	0	5	1	1	0	1		0	0	0		0	0	0	0	0	0	0	1	1	1	21	3	0	7	0	0	7	0	65013759	0	6	0	587
79	昆山焰晶	宠物出行	164740	20	1	1	4	5	3	0	0	5	1	1	0	1		0	0	0		0	0	0	0	0	0	0	1	1	1	21	3	0	7	0	0	7	0	65013759	0	6	0	593
80	海龟甲	宠物出行	164741	20	1	1	2	5	3	0	0	5	1	1	0	1		0	0	0		0	0	0	0	0	0	0	1	1	1	21	3	0	7	0	0	7	0	65013759	0	6	0	595
81	东海珠蚌	宠物出行	164742	20	1	1	3	5	3	0	0	5	1	1	0	1		0	0	0		0	0	0	0	0	0	0	1	1	1	21	3	0	7	0	0	7	0	65013759	0	6	0	596
82	天竺式香浮屠	宠物出行	164743	20	1	1	3	5	3	0	0	5	1	1	0	1		0	0	0		0	0	0	0	0	0	0	1	1	1	21	3	0	7	0	0	7	0	65013759	0	6	0	603
83	闲散客	宠物出行	164744	20	1	1	3	5	3	0	0	5	1	1	0	1		0	0	0		0	0	0	0	0	0	0	1	1	1	21	3	0	7	0	0	7	0	65013759	0	6	0	639
84	佳曲三弄	宠物出行	164745	20	1	1	4	5	3	0	0	5	1	1	0	1		0	0	0		0	0	0	0	0	0	0	1	1	1	21	3	0	7	0	0	7	0	65013759	0	6	0	653
85	青铜阔刀	宠物出行	164746	20	1	1	2	5	3	0	0	5	1	1	0	1		0	0	0		0	0	0	0	0	0	0	1	1	1	21	3	0	7	0	0	7	0	65013759	0	6	0	658
86	陶药炉	宠物出行	164747	20	1	1	2	5	3	0	0	5	1	1	0	1		0	0	0		0	0	0	0	0	0	0	1	1	1	21	3	0	7	0	0	7	0	65013759	0	6	0	588
87	黄杨根药臼	宠物出行	164748	20	1	1	3	5	3	0	0	5	1	1	0	1		0	0	0		0	0	0	0	0	0	0	1	1	1	21	3	0	7	0	0	7	0	65013759	0	6	0	589
88	苗疆铁质大药炉	宠物出行	164749	20	1	1	2	5	3	0	0	5	1	1	0	1		0	0	0		0	0	0	0	0	0	0	1	1	1	21	3	0	7	0	0	7	0	65013759	0	6	0	594
89	夹竹桃书灯	副本投放	164927	20	1	1	3	5	3	0	0	5	1	1	0	1		0	0	0		0	0	0	0	0	0	0	1	1	1	21	2	0	7	0	0	7	0	65013759	0	6	0	208
90	狗狗祟祟屏	运营活动	164368				4		3					1	0																	21	2											1422
91	新建	默认分类	164370											1																		21												
93	葵草席	梓匠配方	164586	20	1	1	1	1	1	0	0	5	1	1	1	1		0	0	0		0	0	0	0	0	0	0	1	1	1	21	2	0	7	0	0	7	0	65013759	0	6	0	258
94	低矮木榻	梓匠配方	164587	20	1	1	1	1	1	0	0	5	1	1	1	1		0	0	0		0	0	0	0	0	0	0	1	1	1	21	2	0	7	0	0	7	0	65013759	0	6	0	400
95	桑木架	梓匠配方	164588	20	1	1	1	1	1	0	0	5	1	1	1	1		0	0	0		0	0	0	0	0	0	0	1	1	1	21	2	0	7	0	0	7	0	65013759	0	6	0	144
96	榧木架	梓匠配方	164589	20	1	1	1	1	1	0	0	5	1	1	1	1		0	0	0		0	0	0	0	0	0	0	1	1	1	21	2	0	7	0	0	7	0	65013759	0	6	0	172
97	花梨木矮柜	梓匠配方	164590	20	1	1	1	1	1	0	0	5	1	1	1	1		0	0	0		0	0	0	0	0	0	0	1	1	1	21	2	0	7	0	0	7	0	65013759	0	6	0	409
98	花梨木曲柜	梓匠配方	164591	20	1	1	1	1	1	0	0	5	1	1	1	1		0	0	0		0	0	0	0	0	0	0	1	1	1	21	2	0	7	0	0	7	0	65013759	0	6	0	411
99	赤漆铜平脱药柜	梓匠配方	164592	20	1	1	1	1	1	0	0	5	1	1	1	1		0	0	0		0	0	0	0	0	0	0	1	1	1	21	2	0	7	0	0	7	0	65013759	0	6	0	413
100	赤漆药柜	梓匠配方	164593	20	1	1	1	1	1	0	0	5	1	1	1	1		0	0	0		0	0	0	0	0	0	0	1	1	1	21	2	0	7	0	0	7	0	65013759	0	6	0	736
101	回字平脱案	梓匠配方	164594	20	1	1	1	1	1	0	0	5	1	1	1	1		0	0	0		0	0	0	0	0	0	0	1	1	1	21	2	0	7	0	0	7	0	65013759	0	6	0	456
102	赤漆案（弃用）	梓匠配方	164595	20	1	1	1	1	1	0	0	5	1	1	1	1		0	0	0		0	0	0	0	0	0	0	1	1	1	21	1	0	7	0	0	7	0	65013759	0	6	0	
103	桑木榻足几	梓匠配方	164596	20	1	1	1	1	1	0	0	5	1	1	1	1		0	0	0		0	0	0	0	0	0	0	1	1	1	21	2	0	7	0	0	7	0	65013759	0	6	0	1133
104	赤漆台案	梓匠配方	164597	20	1	1	1	1	1	0	0	5	1	1	1	1		0	0	0		0	0	0	0	0	0	0	1	1	1	21	2	0	7	0	0	7	0	65013759	0	6	0	1181
105	桐木凳	梓匠配方	164598	20	1	1	1	1	1	0	0	5	1	1	1	1		0	0	0		0	0	0	0	0	0	0	1	1	1	21	2	0	7	0	0	7	0	65013759	0	6	0	187
106	芦苇蒲团	梓匠配方	164599	20	1	1	1	1	1	0	0	5	1	1	1	1		0	0	0		0	0	0	0	0	0	0	1	1	1	21	2	0	7	0	0	7	0	65013759	0	6	0	422
107	火毛团花绣舞筵	梓匠配方	164600	20	1	1	1	1	1	0	0	5	1	1	1	1		0	0	0		0	0	0	0	0	0	0	1	1	1	21	2	0	7	0	0	7	0	65013759	0	6	0	113
108	旧时帘	梓匠配方	164601	20	1	1	1	1	1	0	0	5	1	1	1	1		0	0	0		0	0	0	0	0	0	0	1	1	1	21	2	0	7	0	0	7	0	65013759	0	6	0	767
109	故窗忆・一	梓匠配方	164602	20	1	1	1	1	1	0	0	5	1	1	1	1		0	0	0		0	0	0	0	0	0	0	1	1	1	21	2	0	7	0	0	7	0	65013759	0	6	0	768
110	故窗忆・二	梓匠配方	164603	20	1	1	1	1	1	0	0	5	1	1	1	1		0	0	0		0	0	0	0	0	0	0	1	1	1	21	2	0	7	0	0	7	0	65013759	0	6	0	769
111	桐木灯笼	梓匠配方	164604	20	1	1	1	1	1	0	0	5	1	1	1	1		0	0	0		0	0	0	0	0	0	0	1	1	1	21	2	0	7	0	0	7	0	65013759	0	6	0	451
112	木桶・一	梓匠配方	164605	20	1	1	1	1	1	0	0	5	1	1	1	1		0	0	0		0	0	0	0	0	0	0	1	1	1	21	2	0	7	0	0	7	0	65013759	0	6	0	528
113	蔑编竹篮・二	梓匠配方	164606	20	1	1	1	1	1	0	0	5	1	1	1	1		0	0	0		0	0	0	0	0	0	0	1	1	1	21	2	0	7	0	0	7	0	65013759	0	6	0	765
114	赤漆妆奁	梓匠配方	164607	20	1	1	1	1	1	0	0	5	1	1	1	1		0	0	0		0	0	0	0	0	0	0	1	1	1	21	2	0	7	0	0	7	0	65013759	0	6	0	402
115	古怪坐垫	梓匠配方	164608	20	1	1	1	1	1	0	0	5	1	1	1	1		0	0	0		0	0	0	0	0	0	0	1	1	1	21	2	0	7	0	0	7	0	65013759	0	6	0	742
116	蓝染布卷	梓匠配方	164609	20	1	1	1	1	1	0	0	5	1	1	1	1		0	0	0		0	0	0	0	0	0	0	1	1	1	21	2	0	7	0	0	7	0	65013759	0	6	0	743
117	织锦席	梓匠配方	164610	20	1	1	2	1	1	0	0	5	1	1	1	1		0	0	0		0	0	0	0	0	0	0	1	1	1	21	2	0	7	0	0	7	0	65013759	0	6	0	259
118	赤漆柜	梓匠配方	164611	20	1	1	2	1	1	0	0	5	1	1	1	1		0	0	0		0	0	0	0	0	0	0	1	1	1	21	2	0	7	0	0	7	0	65013759	0	6	0	739
119	赤漆木几	梓匠配方	164612	20	1	1	2	1	1	0	0	5	1	1	1	1		0	0	0		0	0	0	0	0	0	0	1	1	1	21	2	0	7	0	0	7	0	65013759	0	6	0	458
120	葵草台案	梓匠配方	164613	20	1	1	2	1	1	0	0	5	1	1	1	1		0	0	0		0	0	0	0	0	0	0	1	1	1	21	2	0	7	0	0	7	0	65013759	0	6	0	1453
121	葵草坐垫	梓匠配方	164614	20	1	1	2	1	1	0	0	5	1	1	1	1		0	0	0		0	0	0	0	0	0	0	1	1	1	21	2	0	7	0	0	7	0	65013759	0	6	0	184
122	桑木长凳	梓匠配方	164615	20	1	1	2	1	1	0	0	5	1	1	1	1		0	0	0		0	0	0	0	0	0	0	1	1	1	21	2	0	7	0	0	7	0	65013759	0	6	0	186
123	绮罗人物四牒屏	梓匠配方	164616	20	1	1	2	1	1	0	0	5	1	1	1	1		0	0	0		0	0	0	0	0	0	0	1	1	1	21	2	0	7	0	0	7	0	65013759	0	6	0	734
124	彩锦半拢・一	梓匠配方	164617	20	1	1	2	1	1	0	0	5	1	1	1	1		0	0	0		0	0	0	0	0	0	0	1	1	1	21	2	0	7	0	0	7	0	65013759	0	6	0	426
125	彩锦半拢・二	梓匠配方	164618	20	1	1	2	1	1	0	0	5	1	1	1	1		0	0	0		0	0	0	0	0	0	0	1	1	1	21	2	0	7	0	0	7	0	65013759	0	6	0	428
126	彩锦半拢・三	梓匠配方	164619	20	1	1	2	1	1	0	0	5	1	1	1	1		0	0	0		0	0	0	0	0	0	0	1	1	1	21	2	0	7	0	0	7	0	65013759	0	6	0	429
127	彩锦半拢・四	梓匠配方	164620	20	1	1	2	1	1	0	0	5	1	1	1	1		0	0	0		0	0	0	0	0	0	0	1	1	1	21	2	0	7	0	0	7	0	65013759	0	6	0	430
128	彩锦半拢・五	梓匠配方	164621	20	1	1	2	1	1	0	0	5	1	1	1	1		0	0	0		0	0	0	0	0	0	0	1	1	1	21	2	0	7	0	0	7	0	65013759	0	6	0	431
129	彩锦半拢・六	梓匠配方	164622	20	1	1	2	1	1	0	0	5	1	1	1	1		0	0	0		0	0	0	0	0	0	0	1	1	1	21	2	0	7	0	0	7	0	65013759	0	6	0	432
130	扁青涂花梨木书灯	梓匠配方	164623	20	1	1	2	1	1	0	0	5	1	1	1	1		0	0	0		0	0	0	0	0	0	0	1	1	1	21	2	0	7	0	0	7	0	65013759	0	6	0	205
131	桐木书灯	梓匠配方	164624	20	1	1	2	1	1	0	0	5	1	1	1	1		0	0	0		0	0	0	0	0	0	0	1	1	1	21	2	0	7	0	0	7	0	65013759	0	6	0	206
132	桐木灯檠	梓匠配方	164625	20	1	1	2	1	1	0	0	5	1	1	1	1		0	0	0		0	0	0	0	0	0	0	1	1	1	21	2	0	7	0	0	7	0	65013759	0	6	0	716
133	荼蘼灯笼	梓匠配方	164626	20	1	1	2	1	1	0	0	5	1	1	1	1		0	0	0		0	0	0	0	0	0	0	1	1	1	21	2	0	7	0	0	7	0	65013759	0	6	0	219
134	细布灯笼	梓匠配方	164627	20	1	1	2	1	1	0	0	5	1	1	1	1		0	0	0		0	0	0	0	0	0	0	1	1	1	21	2	0	7	0	0	7	0	65013759	0	6	0	448
135	悬铜铃灯笼	梓匠配方	164628	20	1	1	2	1	1	0	0	5	1	1	1	1		0	0	0		0	0	0	0	0	0	0	1	1	1	21	2	0	7	0	0	7	0	65013759	0	6	0	754
136	锡灯笼	梓匠配方	164629	20	1	1	2	1	1	0	0	5	1	1	1	1		0	0	0		0	0	0	0	0	0	0	1	1	1	21	2	0	7	0	0	7	0	65013759	0	6	0	1097
137	长系锡灯笼	梓匠配方	164630	20	1	1	2	1	1	0	0	5	1	1	1	1		0	0	0		0	0	0	0	0	0	0	1	1	1	21	2	0	7	0	0	7	0	65013759	0	6	0	1110
138	玳瑁嵌文杏妆奁(不投放)	梓匠配方	164631	20	1	1	2	1	1	0	0	5	1	1	1	1		0	0	0		0	0	0	0	0	0	0	1	1	1	21	1	0	7	0	0	7	0	65013759	0	6	0	
139	板车	梓匠配方	164632	20	1	1	2	1	1	0	0	5	1	1	1	1		0	0	0		0	0	0	0	0	0	0	1	1	1	21	2	0	7	0	0	7	0	65013759	0	6	0	1098
140	明霞锦被褥	梓匠配方	164633	20	1	1	2	1	1	0	0	5	1	1	1	1		0	0	0		0	0	0	0	0	0	0	1	1	1	21	2	0	7	0	0	7	0	65013759	0	6	0	522
141	莞草茵席	梓匠配方	164634	20	1	1	3	1	1	0	0	5	1	1	1	1		0	0	0		0	0	0	0	0	0	0	1	1	1	21	2	0	7	0	0	7	0	65013759	0	6	0	261
142	桑木柜	梓匠配方	164635	20	1	1	3	1	1	0	0	5	1	1	1	1		0	0	0		0	0	0	0	0	0	0	1	1	1	21	2	0	7	0	0	7	0	65013759	0	6	0	148
143	云石台案	梓匠配方	164636	20	1	1	3	1	1	0	0	5	1	1	1	1		0	0	0		0	0	0	0	0	0	0	1	1	1	21	2	0	7	0	0	7	0	65013759	0	6	0	165
144	棋局几・展	梓匠配方	164637	20	1	1	3	1	1	0	0	5	1	1	1	1		0	0	0		0	0	0	0	0	0	0	1	1	1	21	2	0	7	0	0	7	0	65013759	0	6	0	269
145	雕枋桌	梓匠配方	164638	20	1	1	3	1	1	0	0	5	1	1	1	1		0	0	0		0	0	0	0	0	0	0	1	1	1	21	2	0	7	0	0	7	0	65013759	0	6	0	281
146	铜平脱扶手椅	梓匠配方	164639	20	1	1	3	1	1	0	0	5	1	1	1	1		0	0	0		0	0	0	0	0	0	0	1	1	1	21	2	0	7	0	0	7	0	65013759	0	6	0	197
147	榧木椅	梓匠配方	164640	20	1	1	3	1	1	0	0	5	1	1	1	1		0	0	0		0	0	0	0	0	0	0	1	1	1	21	2	0	7	0	0	7	0	65013759	0	6	0	513
148	蕉叶酒胡椅	梓匠配方	164641	20	1	1	3	1	1	0	0	5	1	1	1	1		0	0	0		0	0	0	0	0	0	0	1	1	1	21	2	0	7	0	0	7	0	65013759	0	6	0	1054
149	溪山图立屏	梓匠配方	164642	20	1	1	3	1	1	0	0	5	1	1	1	1		0	0	0		0	0	0	0	0	0	0	1	1	1	21	2	0	7	0	0	7	0	65013759	0	6	0	178
150	二君子五牒屏	梓匠配方	164643	20	1	1	3	1	1	0	0	5	1	1	1	1		0	0	0		0	0	0	0	0	0	0	1	1	1	21	2	0	7	0	0	7	0	65013759	0	6	0	401
151	竹挂幔・四	梓匠配方	164644	20	1	1	3	1	1	0	0	5	1	1	1	1		0	0	0		0	0	0	0	0	0	0	1	1	1	21	2	0	7	0	0	7	0	65013759	0	6	0	134
152	潮思蔑编灯笼	梓匠配方	164645	20	1	1	3	1	1	0	0	5	1	1	1	1		0	0	0		0	0	0	0	0	0	0	1	1	1	21	2	0	7	0	0	7	0	65013759	0	6	0	755
153	三叠锡灯笼	梓匠配方	164646	20	1	1	3	1	1	0	0	5	1	1	1	1		0	0	0		0	0	0	0	0	0	0	1	1	1	21	2	0	7	0	0	7	0	65013759	0	6	0	1111
154	榧木架	梓匠配方	164647	20	1	1	3	1	1	0	0	5	1	1	1	1		0	0	0		0	0	0	0	0	0	0	1	1	1	21	2	0	7	0	0	7	0	65013759	0	6	0	151
155	沉香木架	梓匠配方	164648	20	1	1	3	1	1	0	0	5	1	1	1	1		0	0	0		0	0	0	0	0	0	0	1	1	1	21	2	0	7	0	0	7	0	65013759	0	6	0	154
156	素髹桐木笔架	梓匠配方	164649	20	1	1	3	1	1	0	0	5	1	1	1	1		0	0	0		0	0	0	0	0	0	0	1	1	1	21	2	0	7	0	0	7	0	65013759	0	6	0	232
157	邢窑白瓷罗合	梓匠配方	164650	20	1	1	3	1	1	0	0	5	1	1	1	1		0	0	0		0	0	0	0	0	0	0	1	1	1	21	2	0	7	0	0	7	0	65013759	0	6	0	241
158	铸铁煎壶	梓匠配方	164651	20	1	1	3	1	1	0	0	5	1	1	1	1		0	0	0		0	0	0	0	0	0	0	1	1	1	21	2	0	7	0	0	7	0	65013759	0	6	0	242
159	木兰花妆奁	梓匠配方	164652	20	1	1	3	1	1	0	0	5	1	1	1	1		0	0	0		0	0	0	0	0	0	0	1	1	1	21	2	0	7	0	0	7	0	65013759	0	6	0	139
160	涂胡粉坐障	梓匠配方	164653	20	1	1	4	1	1	0	0	5	1	1	1	1		0	0	0		0	0	0	0	0	0	0	1	1	1	21	2	0	7	0	0	7	0	65013759	0	6	0	177
161	金线影枝毡	梓匠配方	164654	20	1	1	4	1	1	0	0	5	1	1	1	1		0	0	0		0	0	0	0	0	0	0	1	1	1	21	2	0	7	0	0	7	0	65013759	0	6	0	1430
162	鱼牙映园	梓匠配方	164655	20	1	1	4	1	1	0	0	5	1	1	1	1		0	0	0		0	0	0	0	0	0	0	1	1	1	21	2	0	7	0	0	7	0	65013759	0	6	0	1435
163	桑木灯檠	梓匠配方	164656	20	1	1	1	1	1	0	0	5	1	1	1	1		0	0	0		0	0	0	0	0	0	0	1	1	1	21	3	0	7	0	0	7	0	65013759	0	6	0	442
164	素髹桑木灯檠	梓匠配方	164657	20	1	1	1	1	1	0	0	5	1	1	1	1		0	0	0		0	0	0	0	0	0	0	1	1	1	21	3	0	7	0	0	7	0	65013759	0	6	0	1205
165	天竺石仿仓楼灯	梓匠配方	164658	20	1	1	2	1	1	0	0	5	1	1	1	1		0	0	0		0	0	0	0	0	0	0	1	1	1	21	3	0	7	0	0	7	0	65013759	0	6	0	435
166	零陵石灯	梓匠配方	164659	20	1	1	2	1	1	0	0	5	1	1	1	1		0	0	0		0	0	0	0	0	0	0	1	1	1	21	3	0	7	0	0	7	0	65013759	0	6	0	439
167	赤漆灯檠	梓匠配方	164660	20	1	1	2	1	1	0	0	5	1	1	1	1		0	0	0		0	0	0	0	0	0	0	1	1	1	21	3	0	7	0	0	7	0	65013759	0	6	0	440
168	鎏金香浮屠	梓匠配方	164661	20	1	1	2	1	1	0	0	5	1	1	1	1		0	0	0		0	0	0	0	0	0	0	1	1	1	21	3	0	7	0	0	7	0	65013759	0	6	0	417
169	溶溶月	梓匠配方	164662	20	1	1	3	1	1	0	0	5	1	1	1	1		0	0	0		0	0	0	0	0	0	0	1	1	1	21	3	0	7	0	0	7	0	65013759	0	6	0	437
170	竹制风灯	梓匠配方	164663	20	1	1	3	1	1	0	0	5	1	1	1	1		0	0	0		0	0	0	0	0	0	0	1	1	1	21	3	0	7	0	0	7	0	65013759	0	6	0	748
171	溪山图经瓶・菡萏	梓匠配方	164664	20	1	1	4	1	1	0	0	5	1	1	1	1		0	0	0		0	0	0	0	0	0	0	1	1	1	21	3	0	7	0	0	7	0	65013759	0	6	0	252
172	跃龙兵器架	梓匠配方	164665	20	1	1	4	1	1	0	0	5	1	1	1	1		0	0	0		0	0	0	0	0	0	0	1	1	1	21	3	0	7	0	0	7	0	65013759	0	6	0	396
174	瓠勺	宠物出行	164751	20	1	1	1	5	3	0	0	5	1	1	1	1		0	0	0		0	0	0	0	0	0	0	1	1	1	21	2	0	7	0	0	7	0	65013759	0	6	0	1082
175	蔑编竹篮・一	宠物出行	164752	20	1	1	1	5	3	0	0	5	1	1	0	1		0	0	0		0	0	0	0	0	0	0	1	1	1	21	2	0	7	0	0	7	0	65013759	0	6	0	1081
176	九州港彩釉缸	宠物出行	164753	20	1	1	1	5	3	0	0	5	1	1	0	1		0	0	0		0	0	0	0	0	0	0	1	1	1	21	2	0	7	0	0	7	0	65013759	0	6	0	455
177	越窑香插	宠物出行	164754	20	1	1	1	5	3	0	0	5	1	1	0	1		0	0	0		0	0	0	0	0	0	0	1	1	1	21	2	0	7	0	0	7	0	65013759	0	6	0	294
178	铜镜	宠物出行	164755	20	1	1	1	5	3	0	0	5	1	1	0	1		0	0	0		0	0	0	0	0	0	0	1	1	1	21	2	0	7	0	0	7	0	65013759	0	6	0	163
179	一盆蓼蓝	宠物出行	164756	20	1	1	1	5	3	0	0	5	1	1	0	1		0	0	0		0	0	0	0	0	0	0	1	1	1	21	2	0	7	0	0	7	0	65013759	0	6	0	1141
180	一坛老酒	宠物出行	164757	20	1	1	3	5	3	0	0	5	1	1	0	1		0	0	0		0	0	0	0	0	0	0	1	1	1	21	2	0	7	0	0	7	0	65013759	0	6	0	761
181	越窑卷草纹卧炉	宠物出行	164758	20	1	1	1	5	3	0	0	5	1	1	0	1		0	0	0		0	0	0	0	0	0	0	1	1	1	21	2	0	7	0	0	7	0	65013759	0	6	0	295
182	兽面纹铜卧炉	宠物出行	164759	20	1	1	2	5	3	0	0	5	1	1	0	1		0	0	0		0	0	0	0	0	0	0	1	1	1	21	2	0	7	0	0	7	0	65013759	0	6	0	419
183	黄杨根	宠物出行	164760	20	1	1	3	5	3	0	0	5	1	1	0	1		0	0	0		0	0	0	0	0	0	0	1	1	1	21	3	0	7	0	0	7	0	65013759	0	6	0	1180
184	青竹仿杓	宠物出行	164761	20	1	1	2	5	3	0	0	5	1	1	0	1		0	0	0		0	0	0	0	0	0	0	1	1	1	21	3	0	7	0	0	7	0	65013759	0	6	0	1061
185	东瀛文立牌	宠物出行	164762	20	1	1	2	5	3	0	0	5	1	1	0	1		0	0	0		0	0	0	0	0	0	0	1	1	1	21	3	0	7	0	0	7	0	65013759	0	6	0	1025
186	晾衣架・三	宠物出行	164763	20	1	1	2	5	3	0	0	5	1	1	0	1		0	0	0		0	0	0	0	0	0	0	1	1	1	21	3	0	7	0	0	7	0	65013759	0	6	0	1164
187	黄泉・七	宠物出行	164764	20	1	1	2	5	3	0	0	5	1	1	0	1		0	0	0		0	0	0	0	0	0	0	1	1	1	21	3	0	7	0	0	7	0	65013759	0	6	0	1708
188	黄泉・八	宠物出行	164765	20	1	1	2	5	3	0	0	5	1	1	0	1		0	0	0		0	0	0	0	0	0	0	1	1	1	21	3	0	7	0	0	7	0	65013759	0	6	0	1709
189	黄泉・一	宠物出行	164766	20	1	1	2	5	3	0	0	5	1	1	0	1		0	0	0		0	0	0	0	0	0	0	1	1	1	21	3	0	7	0	0	7	0	65013759	0	6	0	1702
191	黄泉・三	宠物出行	164768	20	1	1	2	5	3	0	0	5	1	1	0	1		0	0	0		0	0	0	0	0	0	0	1	1	1	21	3	0	7	0	0	7	0	65013759	0	6	0	1704
192	混栽八仙花・二	家园种植	164772	20	1	1	3	5	3	0	0	5	1	1	0	1		0	0	0		0	0	0	0	0	0	0	1	1	1	21	3	0	7	0	0	7	0	65013759	0	6	0	1367
193	混栽八仙花・一	家园种植	164773	20	1	1	3	5	3	0	0	5	1	1	0	1		0	0	0		0	0	0	0	0	0	0	1	1	1	21	3	0	7	0	0	7	0	65013759	0	6	0	1368
194	相如意坐障	副本投放	164777	20	1	1	4	1	3	0	0	1	0	1	1	1		0	0	0		0	0	0	0	0	0	0	1	1	1	21	2	0	7	0	0	7	4	65013759	0	6	0	558
195	阳剑坐障	副本投放	164778	20	1	1	4	1	3	0	0	1	0	1	1	1		0	0	0		0	0	0	0	0	0	0	1	1	1	21	2	0	7	0	0	7	4	65013759	0	6	0	559
196	南天擂坐障	副本投放	164779	20	1	1	4	1	3	0	0	1	0	1	1	1		0	0	0		0	0	0	0	0	0	0	1	1	1	21	2	0	7	0	0	7	4	65013759	0	6	0	560
197	骊山梦坐障	副本投放	164780	20	1	1	3	1	3	0	0	1	0	1	1	1		0	0	0		0	0	0	0	0	0	0	1	1	1	21	2	0	7	0	0	7	4	65013759	0	6	0	561
198	润州绣舞筵	副本投放	164781	20	1	1	4	1	3	0	0	1	0	1	1	1		0	0	0		0	0	0	0	0	0	0	1	1	1	21	2	0	7	0	0	7	4	65013759	0	6	0	1434
199	夹竹桃书灯	副本投放	164782	20	1	1	2	1	3	0	0	1	0	1	1	1		0	0	0		0	0	0	0	0	0	0	1	1	1	21	2	0	7	0	0	7	4	65013759	0	6	0	208
200	汉宫豆形灯	副本投放	164783	20	1	1	3	1	3	0	0	1	0	1	1	1		0	0	0		0	0	0	0	0	0	0	1	1	1	21	2	0	7	0	0	7	4	65013759	0	6	0	611
201	烛龙壁灯	副本投放	164784	20	1	1	4	1	3	0	0	1	0	1	1	1		0	0	0		0	0	0	0	0	0	0	1	1	1	21	2	0	7	0	0	7	4	65013759	0	6	0	616
202	倒转亭台暖夜纱	副本投放	164785	20	1	1	4	1	3	0	0	1	0	1	1	1		0	0	0		0	0	0	0	0	0	0	1	1	1	21	2	0	7	0	0	7	4	65013759	0	6	0	628
203	公输之质	副本投放	164786	20	1	1	4	1	3	0	0	1	0	1	1	1		0	0	0		0	0	0	0	0	0	0	1	1	1	21	2	0	7	0	0	7	4	65013759	0	6	0	629
204	圣女石刻画	副本投放	164787	20	1	1	4	1	3	0	0	1	0	1	1	1		0	0	0		0	0	0	0	0	0	0	1	1	1	21	2	0	7	0	0	7	4	65013759	0	6	0	597
205	醉蛛墙饰	副本投放	164788	20	1	1	4	1	3	0	0	1	0	1	1	1		0	0	0		0	0	0	0	0	0	0	1	1	1	21	2	0	7	0	0	7	4	65013759	0	6	0	643
206	毕方博山炉	副本投放	164789	20	1	1	4	1	3	0	0	1	0	1	1	1		0	0	0		0	0	0	0	0	0	0	1	1	1	21	2	0	7	0	0	7	4	65013759	0	6	0	420
207	仿铜敦博山炉	副本投放	164790	20	1	1	4	1	3	0	0	1	0	1	1	1		0	0	0		0	0	0	0	0	0	0	1	1	1	21	2	0	7	0	0	7	4	65013759	0	6	0	601
208	琉璃顶香浮屠	副本投放	164791	20	1	1	3	1	3	0	0	1	0	1	1	1		0	0	0		0	0	0	0	0	0	0	1	1	1	21	2	0	7	0	0	7	4	65013759	0	6	0	602
209	蓝蝶坠饰	副本投放	164792	20	1	1	3	1	3	0	0	1	0	1	1	1		0	0	0		0	0	0	0	0	0	0	1	1	1	21	2	0	7	0	0	7	4	65013759	0	6	0	669
210	万象包罗	副本投放	164793	20	1	1	3	1	3	0	0	1	0	1	1	1		0	0	0		0	0	0	0	0	0	0	1	1	1	21	2	0	7	0	0	7	4	65013759	0	6	0	598
211	至德战区图・案	副本投放	164794	20	1	1	4	1	3	0	0	1	0	1	1	1		0	0	0		0	0	0	0	0	0	0	1	1	1	21	2	0	7	0	0	7	4	65013759	0	6	0	542
212	蛮蕨	副本投放	164795	20	1	1	3	1	3	0	0	1	0	1	1	1		0	0	0		0	0	0	0	0	0	0	1	1	1	21	3	0	7	0	0	7	4	65013759	0	6	0	661
213	夔龙问鼎	副本投放	164796	20	1	1	4	1	3	0	0	1	0	1	1	1		0	0	0		0	0	0	0	0	0	0	1	1	1	21	3	0	7	0	0	7	4	65013759	0	6	0	609
214	圣火石灯	副本投放	164797	20	1	1	3	1	3	0	0	1	0	1	1	1		0	0	0		0	0	0	0	0	0	0	1	1	1	21	3	0	7	0	0	7	4	65013759	0	6	0	610
215	太液清光	副本投放	164798	20	1	1	4	1	3	0	0	1	0	1	1	1		0	0	0		0	0	0	0	0	0	0	1	1	1	21	3	0	7	0	0	7	4	65013759	0	6	0	619
216	凤池璧影	副本投放	164799	20	1	1	3	1	3	0	0	1	0	1	1	1		0	0	0		0	0	0	0	0	0	0	1	1	1	21	3	0	7	0	0	7	4	65013759	0	6	0	621
217	狼王战鼓	副本投放	164800	20	1	1	4	1	3	0	0	1	0	1	1	1		0	0	0		0	0	0	0	0	0	0	1	1	1	21	3	0	7	0	0	7	4	65013759	0	6	0	570
218	九天阖闾	副本投放	164801	20	1	1	4	1	3	0	0	1	0	1	1	1		0	0	0		0	0	0	0	0	0	0	1	1	1	21	3	0	7	0	0	7	4	65013759	0	6	0	576
219	菩提会石灯	副本投放	164802	20	1	1	4	1	3	0	0	1	0	1	1	1		0	0	0		0	0	0	0	0	0	0	1	1	1	21	3	0	7	0	0	7	4	65013759	0	6	0	622
220	降羽仙	副本投放	164803	20	1	1	4	1	3	0	0	1	0	1	1	1		0	0	0		0	0	0	0	0	0	0	1	1	1	21	3	0	7	0	0	7	4	65013759	0	6	0	632
221	阿里曼花架	副本投放	164804	20	1	1	4	1	3	0	0	1	0	1	1	1		0	0	0		0	0	0	0	0	0	0	1	1	1	21	3	0	7	0	0	7	4	65013759	0	6	0	633
222	迪多拉毒菇	副本投放	164805	20	1	1	4	1	3	0	0	1	0	1	1	1		0	0	0		0	0	0	0	0	0	0	1	1	1	21	3	0	7	0	0	7	4	65013759	0	6	0	634
223	混沌此生	副本投放	164806	20	1	1	4	1	3	0	0	1	0	1	1	1		0	0	0		0	0	0	0	0	0	0	1	1	1	21	3	0	7	0	0	7	4	65013759	0	6	0	635
224	恶犬啖月	副本投放	164807	20	1	1	3	1	3	0	0	1	0	1	1	1		0	0	0		0	0	0	0	0	0	0	1	1	1	21	3	0	7	0	0	7	4	65013759	0	6	0	636
225	雷煅柱	副本投放	164808	20	1	1	3	1	3	0	0	1	0	1	1	1		0	0	0		0	0	0	0	0	0	0	1	1	1	21	3	0	7	0	0	7	4	65013759	0	6	0	637
226	异形饕餮蟾	副本投放	164809	20	1	1	3	1	3	0	0	1	0	1	1	1		0	0	0		0	0	0	0	0	0	0	1	1	1	21	3	0	7	0	0	7	4	65013759	0	6	0	640
227	越析战象雕	副本投放	164810	20	1	1	3	1	3	0	0	1	0	1	1	1		0	0	0		0	0	0	0	0	0	0	1	1	1	21	3	0	7	0	0	7	4	65013759	0	6	0	641
228	蒙舍力士像	副本投放	164811	20	1	1	4	1	3	0	0	1	0	1	1	1		0	0	0		0	0	0	0	0	0	0	1	1	1	21	3	0	7	0	0	7	4	65013759	0	6	0	642
229	章尾啸	副本投放	164812	20	1	1	4	1	3	0	0	1	0	1	1	1		0	0	0		0	0	0	0	0	0	0	1	1	1	21	3	0	7	0	0	7	4	65013759	0	6	0	645
230	相扑力士像	副本投放	164813	20	1	1	4	1	3	0	0	1	0	1	1	1		0	0	0		0	0	0	0	0	0	0	1	1	1	21	3	0	7	0	0	7	4	65013759	0	6	0	646
231	蒙舍战神像	副本投放	164814	20	1	1	4	1	3	0	0	1	0	1	1	1		0	0	0		0	0	0	0	0	0	0	1	1	1	21	3	0	7	0	0	7	4	65013759	0	6	0	647
232	天子峰石剑	副本投放	164815	20	1	1	4	1	3	0	0	1	0	1	1	1		0	0	0		0	0	0	0	0	0	0	1	1	1	21	3	0	7	0	0	7	4	65013759	0	6	0	648
233	栌斗廊柱	副本投放	164816	20	1	1	2	1	3	0	0	1	0	1	1	1		0	0	0		0	0	0	0	0	0	0	1	1	1	21	3	0	7	0	0	7	4	65013759	0	6	0	660
234	错金饰青铜牛灯	副本投放	164817	20	1	1	4	1	3	0	0	1	0	1	1	1		0	0	0		0	0	0	0	0	0	0	1	1	1	21	3	0	7	0	0	7	4	65013759	0	6	0	626
235	一统志	副本投放	164818	20	1	1	4	1	3	0	0	1	0	1	1	1		0	0	0		0	0	0	0	0	0	0	1	1	1	21	3	0	7	0	0	7	4	65013759	0	6	0	568
236	皇帝名	副本投放	164819	20	1	1	4	1	3	0	0	1	0	1	1	1		0	0	0		0	0	0	0	0	0	0	1	1	1	21	3	0	7	0	0	7	4	65013759	0	6	0	569
237	祥龙木桩	副本投放	164820	20	1	1	3	1	3	0	0	1	0	1	1	1		0	0	0		0	0	0	0	0	0	0	1	1	1	21	3	0	7	0	0	7	4	65013759	0	6	0	667
238	天工机关木桩	副本投放	164821	20	1	1	3	1	3	0	0	1	0	1	1	1		0	0	0		0	0	0	0	0	0	0	1	1	1	21	3	0	7	0	0	7	4	65013759	0	6	0	668
239	至德战区图・立	副本投放	164822	20	1	1	4	1	3	0	0	1	0	1	1	1		0	0	0		0	0	0	0	0	0	0	1	1	1	21	3	0	7	0	0	7	4	65013759	0	6	0	578
240	仙掌动	副本投放	164823	20	1	1	4	1	3	0	0	1	0	1	1	1		0	0	0		0	0	0	0	0	0	0	1	1	1	21	3	0	7	0	0	7	4	65013759	0	6	0	600
241	玉蟾宫焰晶	副本投放	164824	20	1	1	4	1	3	0	0	1	0	1	1	1		0	0	0		0	0	0	0	0	0	0	1	1	1	21	3	0	7	0	0	7	4	65013759	0	6	0	644
242	仙芝清骨	副本投放	164825	20	1	1	3	1	3	0	0	1	0	1	1	1		0	0	0		0	0	0	0	0	0	0	1	1	1	21	3	0	7	0	0	7	4	65013759	0	6	0	654
243	江南占坑专用1	副本投放	164826	20	1	1	3	1	3	0	0	1	0	1	1	1		0	0	0		0	0	0	0	0	0	0	1	1	1	21	1	0	7	0	0	7	4	65013759	0	6	0	
244	江南占坑专用2	副本投放	164827	20	1	1	3	1	3	0	0	1	0	1	1	1		0	0	0		0	0	0	0	0	0	0	1	1	1	21	1	0	7	0	0	7	4	65013759	0	6	0	
245	莫愁鼓	商店出售	164838	20	1	1	3	1	3	0	0		0	1	1	1		0	0	0		0	0	0	0	0	0	0	1	1	1	21	3	0	7	0	0	7	0	65013759	0	6	0	571
246	绿地彩绘鼓	商店出售	164839	20	1	1	2	1	3	0	0		0	1	1	1		0	0	0		0	0	0	0	0	0	0	1	1	1	21	3	0	7	0	0	7	0	65013759	0	6	0	572
247	老旧登闻鼓	商店出售	164840	20	1	1	3	1	3	0	0		0	1	1	1		0	0	0		0	0	0	0	0	0	0	1	1	1	21	3	0	7	0	0	7	0	65013759	0	6	0	577
248	唤雨呼风	商店出售	164841	20	1	1	3	1	3	0	0		0	1	1	1		0	0	0		0	0	0	0	0	0	0	1	1	1	21	3	0	7	0	0	7	0	65013759	0	6	0	651
249	冰谷嘶风	商店出售	164842	20	1	1	4	1	3	0	0		0	1	1	1		0	0	0		0	0	0	0	0	0	0	1	1	1	21	3	0	7	0	0	7	0	65013759	0	6	0	652
250	黄泉・八	商店出售	164843	20	1	1	2	1	3	0	0		0	1	1	1		0	0	0		0	0	0	0	0	0	0	1	1	1	21	3	0	7	0	0	7	0	65013759	0	6	0	1709
251	匾额・凌云堂	商店出售	164844	20	1	1	3	1	3	0	0		0	1	1	1		0	0	0		0	0	0	0	0	0	0	1	1	1	21	3	0	7	0	0	7	0	65013759	0	6	0	672
252	匾额・山海阁	商店出售	164845	20	1	1	3	1	3	0	0		0	1	1	1		0	0	0		0	0	0	0	0	0	0	1	1	1	21	3	0	7	0	0	7	0	65013759	0	6	0	673
253	匾额・忠义堂	商店出售	164846	20	1	1	3	1	3	0	0		0	1	1	1		0	0	0		0	0	0	0	0	0	0	1	1	1	21	3	0	7	0	0	7	0	65013759	0	6	0	674
254	匾额・忠烈堂	商店出售	164847	20	1	1	3	1	3	0	0		0	1	1	1		0	0	0		0	0	0	0	0	0	0	1	1	1	21	3	0	7	0	0	7	0	65013759	0	6	0	675
255	匾额・海天阁	商店出售	164848	20	1	1	3	1	3	0	0		0	1	1	1		0	0	0		0	0	0	0	0	0	0	1	1	1	21	3	0	7	0	0	7	0	65013759	0	6	0	676
256	匾额・聚义堂	商店出售	164849	20	1	1	3	1	3	0	0		0	1	1	1		0	0	0		0	0	0	0	0	0	0	1	1	1	21	3	0	7	0	0	7	0	65013759	0	6	0	677
257	匾额・聚贤阁	商店出售	164850	20	1	1	3	1	3	0	0		0	1	1	1		0	0	0		0	0	0	0	0	0	0	1	1	1	21	3	0	7	0	0	7	0	65013759	0	6	0	678
258	充气兽皮木筏	商店出售	164851	20	1	1	3	1	3	0	0		0	1	1	1		0	0	0		0	0	0	0	0	0	0	1	1	1	21	3	0	7	0	0	7	0	65013759	0	6	0	630
259	碧海潮生柜	商店出售	164852	20	1	1	3	1	3	0	0		0	1	1	1		0	0	0		0	0	0	0	0	0	0	1	1	1	21	2	0	7	0	0	7	0	65013759	0	6	0	176
260	茶函几・展	商店出售	164853	20	1	1	3	1	3	0	0		0	1	1	1		0	0	0		0	0	0	0	0	0	0	1	1	1	21	2	0	7	0	0	7	0	65013759	0	6	0	272
261	双飞翼妆案	商店出售	164854	20	1	1	3	1	3	0	0		0	1	1	1		0	0	0		0	0	0	0	0	0	0	1	1	1	21	2	0	7	0	0	7	0	65013759	0	6	0	397
262	鹤朝红日案	商店出售	164855	20	1	1	3	1	3	0	0		0	1	1	1		0	0	0		0	0	0	0	0	0	0	1	1	1	21	2	0	7	0	0	7	0	65013759	0	6	0	516
263	宝相桑木凳	商店出售	164856	20	1	1	2	1	3	0	0		0	1	1	1		0	0	0		0	0	0	0	0	0	0	1	1	1	21	2	0	7	0	0	7	0	65013759	0	6	0	190
264	赤漆涂圈椅	商店出售	164857	20	1	1	3	1	3	0	0		0	1	1	1		0	0	0		0	0	0	0	0	0	0	1	1	1	21	2	0	7	0	0	7	0	65013759	0	6	0	385
265	帮主扶手椅	商店出售	164858	20	1	1	4	1	3	0	0		0	1	1	1		0	0	0		0	0	0	0	0	0	0	1	1	1	21	2	0	7	0	0	7	0	65013759	0	6	0	1424
266	花鸟彩画文柏立屏	商店出售	164859	20	1	1	2	1	3	0	0		0	1	1	1		0	0	0		0	0	0	0	0	0	0	1	1	1	21	2	0	7	0	0	7	0	65013759	0	6	0	150
267	画白翎五牒屏	商店出售	164860	20	1	1	3	1	3	0	0		0	1	1	1		0	0	0		0	0	0	0	0	0	0	1	1	1	21	2	0	7	0	0	7	0	65013759	0	6	0	182
268	江湖墨双立屏	商店出售	164861	20	1	1	3	1	3	0	0		0	1	1	1		0	0	0		0	0	0	0	0	0	0	1	1	1	21	2	0	7	0	0	7	0	65013759	0	6	0	380
269	羊毛毡	商店出售	164862	20	1	1	2	1	3	0	0		0	1	1	1		0	0	0		0	0	0	0	0	0	0	1	1	1	21	2	0	7	0	0	7	0	65013759	0	6	0	543
270	霸刀褐毡	商店出售	164863	20	1	1	2	1	3	0	0		0	1	1	1		0	0	0		0	0	0	0	0	0	0	1	1	1	21	2	0	7	0	0	7	0	65013759	0	6	0	544
271	长歌绣筵	商店出售	164864	20	1	1	2	1	3	0	0		0	1	1	1		0	0	0		0	0	0	0	0	0	0	1	1	1	21	2	0	7	0	0	7	0	65013759	0	6	0	545
272	蓬莱绣筵	商店出售	164865	20	1	1	2	1	3	0	0		0	1	1	1		0	0	0		0	0	0	0	0	0	0	1	1	1	21	2	0	7	0	0	7	0	65013759	0	6	0	546
273	七秀绣筵	商店出售	164866	20	1	1	2	1	3	0	0		0	1	1	1		0	0	0		0	0	0	0	0	0	0	1	1	1	21	2	0	7	0	0	7	0	65013759	0	6	0	547
274	万花绣筵	商店出售	164867	20	1	1	2	1	3	0	0		0	1	1	1		0	0	0		0	0	0	0	0	0	0	1	1	1	21	2	0	7	0	0	7	0	65013759	0	6	0	548
275	丐帮褐毡	商店出售	164868	20	1	1	2	1	3	0	0		0	1	1	1		0	0	0		0	0	0	0	0	0	0	1	1	1	21	2	0	7	0	0	7	0	65013759	0	6	0	549
276	五毒绣筵	商店出售	164869	20	1	1	2	1	3	0	0		0	1	1	1		0	0	0		0	0	0	0	0	0	0	1	1	1	21	2	0	7	0	0	7	0	65013759	0	6	0	550
277	唐门褐毡	商店出售	164870	20	1	1	2	1	3	0	0		0	1	1	1		0	0	0		0	0	0	0	0	0	0	1	1	1	21	2	0	7	0	0	7	0	65013759	0	6	0	551
278	天策褐毡	商店出售	164871	20	1	1	2	1	3	0	0		0	1	1	1		0	0	0		0	0	0	0	0	0	0	1	1	1	21	2	0	7	0	0	7	0	65013759	0	6	0	552
279	少林褐毡	商店出售	164872	20	1	1	2	1	3	0	0		0	1	1	1		0	0	0		0	0	0	0	0	0	0	1	1	1	21	2	0	7	0	0	7	0	65013759	0	6	0	553
280	明教褐毡	商店出售	164873	20	1	1	2	1	3	0	0		0	1	1	1		0	0	0		0	0	0	0	0	0	0	1	1	1	21	2	0	7	0	0	7	0	65013759	0	6	0	554
281	纯阳绣筵	商店出售	164874	20	1	1	2	1	3	0	0		0	1	1	1		0	0	0		0	0	0	0	0	0	0	1	1	1	21	2	0	7	0	0	7	0	65013759	0	6	0	555
282	苍云褐毡	商店出售	164875	20	1	1	2	1	3	0	0		0	1	1	1		0	0	0		0	0	0	0	0	0	0	1	1	1	21	2	0	7	0	0	7	0	65013759	0	6	0	556
283	藏剑褐毡	商店出售	164876	20	1	1	2	1	3	0	0		0	1	1	1		0	0	0		0	0	0	0	0	0	0	1	1	1	21	2	0	7	0	0	7	0	65013759	0	6	0	557
284	吴绫轻那	商店出售	164877	20	1	1	3	1	3	0	0		0	1	1	1		0	0	0		0	0	0	0	0	0	0	1	1	1	21	2	0	7	0	0	7	0	65013759	0	6	0	123
285	鱼口衔月	商店出售	164878	20	1	1	3	1	3	0	0		0	1	1	1		0	0	0		0	0	0	0	0	0	0	1	1	1	21	2	0	7	0	0	7	0	65013759	0	6	0	126
286	轻容幔	商店出售	164879	20	1	1	3	1	3	0	0		0	1	1	1		0	0	0		0	0	0	0	0	0	0	1	1	1	21	2	0	7	0	0	7	0	65013759	0	6	0	128
287	故渊游	商店出售	164880	20	1	1	4	1	3	0	0		0	1	1	1		0	0	0		0	0	0	0	0	0	0	1	1	1	21	2	0	7	0	0	7	0	65013759	0	6	0	129
288	志得意满枕	商店出售	164881	20	1	1	4	1	3	0	0		0	1	1	1		0	0	0		0	0	0	0	0	0	0	1	1	1	21	2	0	7	0	0	7	0	65013759	0	6	0	116
289	心宽体胖枕	商店出售	164882	20	1	1	4	1	3	0	0		0	1	1	1		0	0	0		0	0	0	0	0	0	0	1	1	1	21	2	0	7	0	0	7	0	65013759	0	6	0	117
290	焉知乐枕	商店出售	164883	20	1	1	4	1	3	0	0		0	1	1	1		0	0	0		0	0	0	0	0	0	0	1	1	1	21	2	0	7	0	0	7	0	65013759	0	6	0	118
291	欣欣向荣枕	商店出售	164884	20	1	1	4	1	3	0	0		0	1	1	1		0	0	0		0	0	0	0	0	0	0	1	1	1	21	2	0	7	0	0	7	0	65013759	0	6	0	122
292	狼堑壁灯	商店出售	164885	20	1	1	3	1	3	0	0		0	1	1	1		0	0	0		0	0	0	0	0	0	0	1	1	1	21	2	0	7	0	0	7	0	65013759	0	6	0	615
293	垂青槐	商店出售	164886	20	1	1	4	1	3	0	0		0	1	1	1		0	0	0		0	0	0	0	0	0	0	1	1	1	21	2	0	7	0	0	7	0	65013759	0	6	0	213
294	缀荷包双圜灯	商店出售	164887	20	1	1	3	1	3	0	0		0	1	1	1		0	0	0		0	0	0	0	0	0	0	1	1	1	21	2	0	7	0	0	7	0	65013759	0	6	0	217
295	至德战区图・挂	商店出售	164888	20	1	1	3	1	3	0	0		0	1	1	1		0	0	0		0	0	0	0	0	0	0	1	1	1	21	2	0	7	0	0	7	0	65013759	0	6	0	579
296	苗石狼头	商店出售	164889	20	1	1	3	1	3	0	0		0	1	1	1		0	0	0		0	0	0	0	0	0	0	1	1	1	21	2	0	7	0	0	7	0	65013759	0	6	0	662
297	苗石虎头	商店出售	164890	20	1	1	3	1	3	0	0		0	1	1	1		0	0	0		0	0	0	0	0	0	0	1	1	1	21	2	0	7	0	0	7	0	65013759	0	6	0	664
298	凌雪阁褐毡	商店出售	164908	20	1	1	2	1	3	0	0		0	1	1	1		0	0	0		0	0	0	0	0	0	0	1	1	1	21	2	0	7	0	0	7	0	65013759	0	6	0	1911
300	桃兔乐坐障	默认分类	164945	20	1	1	4	1	3	0	0		0	1	1	1		0	0	0		0	0	0	0	0	0	0	1	1	1	21	1	0	7	0	0	7	0	65013759	0	6	0	1423
301	不求甚解几	默认分类	164946	20	1	1	3	1	3	0	0		0	1	1	1		0	0	0		0	0	0	0	0	0	0	1	1	1	21	1	0	7	0	0	7	0	65013759	0	6	0	1879
302	不见万物椅	默认分类	164947	20	1	1	3	1	3	0	0		0	1	1	1		0	0	0		0	0	0	0	0	0	0	1	1	1	21	1	0	7	0	0	7	0	65013759	0	6	0	1878
303	不问世事坐垫	默认分类	164948	20	1	1	2	1	3	0	0		0	1	1	1		0	0	0		0	0	0	0	0	0	0	1	1	1	21	1	0	7	0	0	7	0	65013759	0	6	0	1875
304	桑木书柜	宠物出行	164950				3		3					1	0																	21	4											383
